1.000976562500000000e+00 7.358398437500000000e-01 7.138671875000000000e-01 7.133789062500000000e-01 7.265625000000000000e-01 6.787109375000000000e-01 6.870117187500000000e-01 7.290039062500000000e-01 6.640625000000000000e-01
7.358398437500000000e-01 9.995117187500000000e-01 8.090820312500000000e-01 8.149414062500000000e-01 8.110351562500000000e-01 8.349609375000000000e-01 8.173828125000000000e-01 7.734375000000000000e-01 8.417968750000000000e-01
7.138671875000000000e-01 8.090820312500000000e-01 1.000000000000000000e+00 8.237304687500000000e-01 8.559570312500000000e-01 7.636718750000000000e-01 8.183593750000000000e-01 8.217773437500000000e-01 7.978515625000000000e-01
7.133789062500000000e-01 8.149414062500000000e-01 8.237304687500000000e-01 1.000000000000000000e+00 9.106445312500000000e-01 8.017578125000000000e-01 8.115234375000000000e-01 7.578125000000000000e-01 8.354492187500000000e-01
7.265625000000000000e-01 8.110351562500000000e-01 8.559570312500000000e-01 9.106445312500000000e-01 1.000000000000000000e+00 8.051757812500000000e-01 8.569335937500000000e-01 8.110351562500000000e-01 8.378906250000000000e-01
6.787109375000000000e-01 8.349609375000000000e-01 7.636718750000000000e-01 8.017578125000000000e-01 8.051757812500000000e-01 1.000000000000000000e+00 8.071289062500000000e-01 7.504882812500000000e-01 8.315429687500000000e-01
6.870117187500000000e-01 8.173828125000000000e-01 8.183593750000000000e-01 8.115234375000000000e-01 8.569335937500000000e-01 8.071289062500000000e-01 1.000000000000000000e+00 7.939453125000000000e-01 8.496093750000000000e-01
7.290039062500000000e-01 7.734375000000000000e-01 8.217773437500000000e-01 7.578125000000000000e-01 8.110351562500000000e-01 7.504882812500000000e-01 7.939453125000000000e-01 9.995117187500000000e-01 7.402343750000000000e-01
6.640625000000000000e-01 8.417968750000000000e-01 7.978515625000000000e-01 8.354492187500000000e-01 8.378906250000000000e-01 8.315429687500000000e-01 8.496093750000000000e-01 7.402343750000000000e-01 1.000000000000000000e+00
