1.000000000000000000e+00 9.497070312500000000e-01 9.697265625000000000e-01 9.682617187500000000e-01 9.589843750000000000e-01 9.584960937500000000e-01 9.345703125000000000e-01 9.658203125000000000e-01 9.658203125000000000e-01
9.497070312500000000e-01 1.000000000000000000e+00 9.511718750000000000e-01 9.350585937500000000e-01 9.111328125000000000e-01 9.160156250000000000e-01 8.759765625000000000e-01 9.477539062500000000e-01 9.497070312500000000e-01
9.697265625000000000e-01 9.511718750000000000e-01 1.000000000000000000e+00 9.785156250000000000e-01 9.687500000000000000e-01 9.687500000000000000e-01 9.477539062500000000e-01 9.746093750000000000e-01 9.765625000000000000e-01
9.682617187500000000e-01 9.350585937500000000e-01 9.785156250000000000e-01 1.000000000000000000e+00 9.902343750000000000e-01 9.848632812500000000e-01 9.755859375000000000e-01 9.677734375000000000e-01 9.824218750000000000e-01
9.589843750000000000e-01 9.111328125000000000e-01 9.687500000000000000e-01 9.902343750000000000e-01 1.000000000000000000e+00 9.873046875000000000e-01 9.873046875000000000e-01 9.570312500000000000e-01 9.750976562500000000e-01
9.584960937500000000e-01 9.160156250000000000e-01 9.687500000000000000e-01 9.848632812500000000e-01 9.873046875000000000e-01 1.000000000000000000e+00 9.809570312500000000e-01 9.594726562500000000e-01 9.760742187500000000e-01
9.345703125000000000e-01 8.759765625000000000e-01 9.477539062500000000e-01 9.755859375000000000e-01 9.873046875000000000e-01 9.809570312500000000e-01 1.000976562500000000e+00 9.326171875000000000e-01 9.575195312500000000e-01
9.658203125000000000e-01 9.477539062500000000e-01 9.746093750000000000e-01 9.677734375000000000e-01 9.570312500000000000e-01 9.594726562500000000e-01 9.326171875000000000e-01 1.000976562500000000e+00 9.663085937500000000e-01
9.658203125000000000e-01 9.497070312500000000e-01 9.765625000000000000e-01 9.824218750000000000e-01 9.750976562500000000e-01 9.760742187500000000e-01 9.575195312500000000e-01 9.663085937500000000e-01 9.995117187500000000e-01
