9.990234375000000000e-01 8.554687500000000000e-01 8.491210937500000000e-01 8.583984375000000000e-01 8.334960937500000000e-01 8.266601562500000000e-01 7.900390625000000000e-01 8.496093750000000000e-01 8.227539062500000000e-01
8.554687500000000000e-01 1.000000000000000000e+00 8.764648437500000000e-01 8.720703125000000000e-01 8.222656250000000000e-01 8.388671875000000000e-01 7.661132812500000000e-01 8.583984375000000000e-01 8.793945312500000000e-01
8.491210937500000000e-01 8.764648437500000000e-01 1.000976562500000000e+00 9.116210937500000000e-01 8.886718750000000000e-01 8.632812500000000000e-01 8.427734375000000000e-01 8.891601562500000000e-01 8.769531250000000000e-01
8.583984375000000000e-01 8.720703125000000000e-01 9.116210937500000000e-01 1.000000000000000000e+00 9.536132812500000000e-01 9.091796875000000000e-01 9.082031250000000000e-01 8.994140625000000000e-01 9.130859375000000000e-01
8.334960937500000000e-01 8.222656250000000000e-01 8.886718750000000000e-01 9.536132812500000000e-01 1.000000000000000000e+00 9.140625000000000000e-01 9.331054687500000000e-01 8.837890625000000000e-01 8.945312500000000000e-01
8.266601562500000000e-01 8.388671875000000000e-01 8.632812500000000000e-01 9.091796875000000000e-01 9.140625000000000000e-01 1.000000000000000000e+00 8.969726562500000000e-01 8.666992187500000000e-01 8.857421875000000000e-01
7.900390625000000000e-01 7.661132812500000000e-01 8.427734375000000000e-01 9.082031250000000000e-01 9.331054687500000000e-01 8.969726562500000000e-01 9.995117187500000000e-01 8.242187500000000000e-01 8.618164062500000000e-01
8.496093750000000000e-01 8.583984375000000000e-01 8.891601562500000000e-01 8.994140625000000000e-01 8.837890625000000000e-01 8.666992187500000000e-01 8.242187500000000000e-01 1.000976562500000000e+00 8.642578125000000000e-01
8.227539062500000000e-01 8.793945312500000000e-01 8.769531250000000000e-01 9.130859375000000000e-01 8.945312500000000000e-01 8.857421875000000000e-01 8.618164062500000000e-01 8.642578125000000000e-01 1.000000000000000000e+00
