9.995117187500000000e-01 9.340820312500000000e-01 9.638671875000000000e-01 9.599609375000000000e-01 9.477539062500000000e-01 9.487304687500000000e-01 9.155273437500000000e-01 9.609375000000000000e-01 9.604492187500000000e-01
9.340820312500000000e-01 1.000000000000000000e+00 9.291992187500000000e-01 9.018554687500000000e-01 8.759765625000000000e-01 8.823242187500000000e-01 8.212890625000000000e-01 9.331054687500000000e-01 9.350585937500000000e-01
9.638671875000000000e-01 9.291992187500000000e-01 9.995117187500000000e-01 9.785156250000000000e-01 9.682617187500000000e-01 9.682617187500000000e-01 9.409179687500000000e-01 9.697265625000000000e-01 9.750976562500000000e-01
9.599609375000000000e-01 9.018554687500000000e-01 9.785156250000000000e-01 1.000976562500000000e+00 9.912109375000000000e-01 9.853515625000000000e-01 9.741210937500000000e-01 9.609375000000000000e-01 9.765625000000000000e-01
9.477539062500000000e-01 8.759765625000000000e-01 9.682617187500000000e-01 9.912109375000000000e-01 1.000000000000000000e+00 9.873046875000000000e-01 9.848632812500000000e-01 9.477539062500000000e-01 9.677734375000000000e-01
9.487304687500000000e-01 8.823242187500000000e-01 9.682617187500000000e-01 9.853515625000000000e-01 9.873046875000000000e-01 9.995117187500000000e-01 9.775390625000000000e-01 9.497070312500000000e-01 9.687500000000000000e-01
9.155273437500000000e-01 8.212890625000000000e-01 9.409179687500000000e-01 9.741210937500000000e-01 9.848632812500000000e-01 9.775390625000000000e-01 9.995117187500000000e-01 9.125976562500000000e-01 9.389648437500000000e-01
9.609375000000000000e-01 9.331054687500000000e-01 9.697265625000000000e-01 9.609375000000000000e-01 9.477539062500000000e-01 9.497070312500000000e-01 9.125976562500000000e-01 9.995117187500000000e-01 9.633789062500000000e-01
9.604492187500000000e-01 9.350585937500000000e-01 9.750976562500000000e-01 9.765625000000000000e-01 9.677734375000000000e-01 9.687500000000000000e-01 9.389648437500000000e-01 9.633789062500000000e-01 9.990234375000000000e-01
