1.000000000000000000e+00 8.779296875000000000e-01 8.979492187500000000e-01 9.003906250000000000e-01 8.696289062500000000e-01 8.662109375000000000e-01 8.134765625000000000e-01 8.999023437500000000e-01 8.891601562500000000e-01
8.779296875000000000e-01 9.995117187500000000e-01 8.925781250000000000e-01 8.647460937500000000e-01 8.090820312500000000e-01 8.237304687500000000e-01 7.304687500000000000e-01 8.808593750000000000e-01 8.925781250000000000e-01
8.979492187500000000e-01 8.925781250000000000e-01 9.995117187500000000e-01 9.472656250000000000e-01 9.213867187500000000e-01 9.155273437500000000e-01 8.730468750000000000e-01 9.301757812500000000e-01 9.331054687500000000e-01
9.003906250000000000e-01 8.647460937500000000e-01 9.472656250000000000e-01 1.000000000000000000e+00 9.711914062500000000e-01 9.492187500000000000e-01 9.306640625000000000e-01 9.316406250000000000e-01 9.501953125000000000e-01
8.696289062500000000e-01 8.090820312500000000e-01 9.213867187500000000e-01 9.711914062500000000e-01 1.000000000000000000e+00 9.570312500000000000e-01 9.589843750000000000e-01 9.047851562500000000e-01 9.301757812500000000e-01
8.662109375000000000e-01 8.237304687500000000e-01 9.155273437500000000e-01 9.492187500000000000e-01 9.570312500000000000e-01 9.995117187500000000e-01 9.384765625000000000e-01 9.028320312500000000e-01 9.296875000000000000e-01
8.134765625000000000e-01 7.304687500000000000e-01 8.730468750000000000e-01 9.306640625000000000e-01 9.589843750000000000e-01 9.384765625000000000e-01 1.000976562500000000e+00 8.432617187500000000e-01 8.842773437500000000e-01
8.999023437500000000e-01 8.808593750000000000e-01 9.301757812500000000e-01 9.316406250000000000e-01 9.047851562500000000e-01 9.028320312500000000e-01 8.432617187500000000e-01 1.000000000000000000e+00 9.194335937500000000e-01
8.891601562500000000e-01 8.925781250000000000e-01 9.331054687500000000e-01 9.501953125000000000e-01 9.301757812500000000e-01 9.296875000000000000e-01 8.842773437500000000e-01 9.194335937500000000e-01 9.995117187500000000e-01
